%YAML:1.0
---
camera_matrix: !!opencv-matrix
   rows: 3
   cols: 3
   dt: d
   data: [ 975.8671264648438, 0.0, 1021.5761108398438,
           0.0, 975.6128540039062, 783.3948974609375,
           0.0, 0.0, 1.0 ]

distortion_coefficients: !!opencv-matrix
   rows: 8
   cols: 1
   dt: d
   data: [ 0.5157920718193054, -2.5662143230438232,
           0.0007648406317457557, -0.00033878671820275486,
           1.445385217666626, 0.3958490192890167,
           -2.39681077003479, 1.3777283430099487 ]

img_size: !!opencv-matrix
   rows: 2
   cols: 1
   dt: i
   data: [ 4096, 3072 ]

