calibration:
  translation:
    x: -1.6778609229695155e+18
    y: -7.072625515861143e+21
    z: 4.697274722840496e+14
  rotation:
    roll: -0.0
    pitch: 0.0
    yaw: 3.1416
